306.6647    0.046458304
315.6231    5.160868
319.8655    13.29307
321.745    23.050312
323.63437    32.575264
330.10156    42.334503
332.01065    51.394875
336.2728    59.062492
340.5251    66.9624
349.34537    75.328896
365.16565    80.91088
394.8379    84.40824
440.57706    87.680305
500.16818    88.867744
532.3612    87.0234
548.6254    82.15227
560.3118    77.04685
574.36115    70.31639
581.519    63.815228
595.66693    54.761852
602.92346    45.93777
614.7973    36.418816
628.97485    26.668566
638.5252    17.845484
654.84863    11.580606
668.84863    6.011605
689.65125    2.3039322
714.9627    0.4565902
749.40027    0.  
813.6285     0.
870.9849     0.
942.08484    0.
1004.04877   0. 
1054.494     0.
1095.7837    0.
